64 181
0 9
0 21
0 35
0 45
0 62
1 4
1 22
1 31
1 38
1 40
1 59
2 6
2 30
2 44
2 53
2 55
3 12
3 13
3 56
4 34
4 40
4 47
4 63
5 22
5 45
5 54
5 57
5 61
6 10
6 14
6 15
6 29
6 36
6 50
6 53
6 55
6 60
7 13
7 32
7 33
7 39
7 50
8 23
8 28
8 35
8 41
8 51
9 11
9 21
9 28
9 35
9 41
9 43
10 15
10 24
10 29
10 49
10 52
11 21
11 32
11 43
12 13
12 16
12 18
12 37
12 56
13 16
13 39
13 50
13 56
14 20
14 36
14 42
14 53
15 37
15 49
15 50
15 56
16 18
16 27
16 39
16 47
16 63
17 19
17 20
17 26
17 32
17 42
17 43
18 34
18 37
18 46
18 47
18 49
19 26
19 41
19 43
20 26
20 42
20 53
20 58
21 32
21 39
21 48
21 62
22 31
22 38
22 39
22 48
22 54
22 61
22 63
23 41
23 51
23 58
24 30
24 46
24 49
24 52
25 44
25 51
25 53
26 41
26 58
27 47
27 63
28 35
28 41
29 52
29 55
30 44
30 46
30 52
30 55
31 40
31 63
32 33
32 39
32 42
32 43
33 42
33 50
33 60
34 46
34 47
35 45
35 57
35 59
36 42
36 60
37 49
37 56
38 54
38 59
39 48
39 63
40 63
41 43
41 58
42 60
44 46
44 51
44 53
45 57
45 61
45 62
46 49
46 51
47 63
48 61
48 62
50 56
50 60
51 53
51 58
52 55
53 58
54 57
54 59
57 59
61 62
