64 179
0 10
0 11
0 24
0 28
0 38
0 59
1 9
1 31
1 36
1 46
1 48
1 61
2 4
2 32
2 42
2 54
2 57
2 60
3 7
3 24
3 38
3 44
3 47
3 52
4 8
4 29
4 32
4 57
4 60
5 15
5 21
5 23
5 27
5 33
5 45
5 56
6 28
6 30
6 34
6 46
6 63
7 44
7 52
7 58
8 20
8 29
8 32
8 35
8 45
9 12
9 26
9 46
9 54
9 55
9 61
10 19
10 24
10 50
10 59
11 28
11 31
11 34
11 59
12 14
12 26
12 42
12 54
13 23
13 40
13 43
13 51
14 17
14 25
14 26
14 42
14 49
14 55
14 62
15 21
15 25
15 33
15 41
15 49
16 27
16 35
16 37
16 39
16 43
16 52
17 22
17 25
17 31
17 59
17 62
18 41
18 42
18 49
18 60
19 21
19 24
19 50
19 56
20 29
20 33
20 41
20 45
21 22
21 25
21 50
21 56
22 25
22 50
22 59
23 27
23 43
23 45
23 51
24 38
24 39
24 52
24 56
25 49
26 55
27 39
27 43
27 56
28 30
28 34
28 38
28 47
29 41
29 60
30 47
30 53
30 63
31 34
31 36
31 48
31 59
31 62
32 35
32 54
32 57
33 41
33 45
34 36
34 46
35 37
35 40
35 45
35 51
36 46
37 40
37 43
38 47
39 52
39 56
40 43
40 51
41 49
41 60
42 49
42 54
42 60
44 47
44 53
44 58
45 51
46 63
47 53
48 61
48 62
50 59
53 58
53 63
55 61
55 62
58 63
61 62
