64 177
0 6
0 13
0 15
0 20
0 27
0 49
1 16
1 21
1 22
1 32
1 47
2 9
2 39
2 40
2 42
2 48
3 13
3 15
3 29
3 38
4 13
4 26
4 38
4 43
4 55
4 57
4 61
5 18
5 31
5 44
5 46
6 31
6 35
6 49
6 59
7 8
7 17
7 23
7 58
8 23
8 48
8 54
8 58
9 25
9 40
9 48
10 24
10 54
10 58
10 63
11 30
11 36
11 41
11 43
11 45
11 51
11 56
12 19
12 41
12 56
12 63
13 15
13 27
13 38
13 57
14 28
14 39
14 42
14 50
15 29
15 39
16 19
16 21
16 22
16 24
16 33
16 34
17 23
17 24
17 33
17 58
18 22
18 31
18 44
19 21
19 24
19 41
19 63
20 27
20 49
20 55
20 57
20 60
21 32
21 41
21 51
22 34
22 44
22 47
23 33
23 34
24 33
24 58
24 63
25 37
25 40
25 48
25 54
26 37
26 43
26 56
26 61
27 57
28 29
28 38
28 39
28 50
28 61
29 38
29 39
30 36
30 45
30 46
30 51
30 52
30 53
31 46
31 59
32 47
32 51
33 34
35 49
35 59
35 60
35 62
36 43
36 45
36 53
37 40
37 50
37 54
37 56
37 61
38 61
39 42
40 42
40 50
41 51
41 56
42 50
43 53
43 55
43 56
44 46
44 47
46 47
46 52
46 53
46 59
46 62
47 51
47 52
48 54
49 60
50 61
51 52
53 55
53 62
54 56
54 58
54 63
55 57
55 60
55 62
56 63
59 62
60 62
