64 178
0 3
0 12
0 19
0 27
0 32
0 51
1 10
1 15
1 39
1 53
1 61
2 18
2 21
2 34
2 36
2 43
2 58
2 61
2 63
3 12
3 17
3 20
3 51
4 11
4 28
4 30
4 50
4 59
5 8
5 13
5 23
5 26
5 27
5 41
5 47
5 48
5 54
5 57
6 9
6 15
6 35
6 39
6 56
7 11
7 17
7 22
7 37
7 38
7 57
8 23
8 44
8 54
8 55
8 62
9 15
9 23
9 44
9 49
9 56
10 15
10 49
10 61
11 14
11 22
11 28
11 60
12 20
12 25
12 29
12 32
13 23
13 31
13 35
13 48
13 52
13 56
14 22
14 41
14 57
14 60
15 39
15 49
16 24
16 34
16 52
16 58
16 63
17 20
17 37
17 38
18 33
18 36
18 52
18 58
19 27
19 46
19 51
20 29
20 38
21 42
21 43
21 51
22 57
23 44
23 56
24 31
24 34
24 46
24 47
24 52
25 26
25 27
25 29
25 32
26 27
26 29
26 38
26 57
27 32
27 46
27 47
28 59
28 60
29 38
30 50
30 54
30 55
30 59
30 62
31 47
31 48
31 52
33 36
33 39
33 52
34 43
34 46
34 63
35 39
35 52
35 56
36 39
36 53
36 61
37 38
38 57
39 52
39 53
40 44
40 45
40 49
40 50
41 54
41 57
41 60
42 43
42 46
42 51
43 46
44 45
44 49
44 55
45 50
45 55
46 47
46 51
47 48
49 50
49 61
50 55
52 58
53 61
54 59
54 60
54 62
55 62
58 63
59 60
