58 328
0 3
0 4
0 5
0 7
0 8
0 10
0 14
0 18
0 19
0 21
0 24
0 25
0 26
0 27
0 28
1 2
1 5
1 10
1 11
1 15
1 17
1 20
1 24
1 25
2 3
2 4
2 5
2 11
2 12
2 13
2 14
2 15
2 16
2 19
2 21
2 25
3 8
3 9
3 10
3 11
3 14
3 17
3 18
3 21
3 24
3 28
4 7
4 10
4 12
4 14
4 16
4 18
4 20
4 21
4 24
4 26
4 28
4 42
5 7
5 9
5 10
5 15
5 16
5 18
5 19
5 26
5 28
5 44
6 7
6 12
6 13
6 16
6 19
6 21
6 22
6 24
6 26
6 27
7 9
7 10
7 12
7 17
7 20
7 21
7 22
8 10
8 18
8 19
8 25
8 28
9 14
9 16
9 21
9 23
9 24
9 27
9 28
10 14
10 16
10 24
10 26
10 53
11 16
11 19
11 20
11 22
11 27
12 15
12 17
12 20
12 23
13 16
13 18
13 19
13 21
13 23
13 24
13 27
13 28
14 15
14 16
14 27
14 28
14 41
15 19
15 21
15 22
15 26
15 28
16 23
16 25
16 28
17 20
17 21
17 24
17 27
17 28
18 22
18 28
19 24
20 21
20 24
20 25
20 26
20 27
20 28
21 26
22 23
22 24
22 26
22 27
23 25
24 26
24 28
26 27
29 30
29 31
29 33
29 36
29 40
29 41
29 44
29 46
29 47
29 57
30 31
30 33
30 35
30 37
30 39
30 41
30 42
30 45
30 46
30 51
30 52
30 53
30 54
30 56
31 32
31 33
31 36
31 37
31 40
31 43
31 44
31 47
31 49
31 53
31 54
32 33
32 34
32 37
32 39
32 40
32 41
32 45
32 49
32 52
32 54
32 56
32 57
33 34
33 37
33 39
33 41
33 44
33 45
33 46
33 50
33 51
33 52
33 53
33 55
33 57
34 36
34 40
34 41
34 44
34 49
34 50
34 56
34 57
35 37
35 38
35 41
35 42
35 46
35 48
35 49
35 50
35 51
35 53
35 54
36 37
36 38
36 39
36 43
36 44
36 46
36 50
36 54
36 56
37 40
37 43
37 44
37 46
37 50
37 53
37 54
37 56
38 41
38 42
38 45
38 46
38 49
38 50
38 51
38 52
38 56
39 40
39 41
39 42
39 43
39 47
39 50
39 51
39 52
39 54
39 55
39 57
40 44
40 47
40 49
40 50
41 42
41 43
41 46
41 47
41 48
41 56
42 45
42 47
42 48
42 49
42 50
42 51
42 53
42 57
43 44
43 45
43 47
43 49
43 50
43 51
44 46
44 49
44 50
44 51
44 54
44 57
45 46
45 47
45 49
45 51
45 56
45 57
46 47
46 49
46 56
47 48
47 49
47 52
47 53
48 51
48 52
48 56
49 51
49 52
49 56
49 57
50 54
52 54
52 56
53 56
54 56
55 56
55 57
