64 181
0 29
0 31
0 34
0 51
0 57
1 40
1 45
1 49
1 61
2 12
2 20
2 22
2 25
2 29
2 36
2 42
2 51
3 4
3 7
3 9
3 10
3 19
3 40
3 61
4 7
4 13
4 31
4 34
4 40
5 11
5 21
5 32
5 44
5 48
6 8
6 17
6 33
6 38
6 47
6 52
6 54
7 9
7 13
8 14
8 17
8 41
8 47
8 60
8 63
9 10
9 13
9 57
10 16
10 19
10 37
10 44
10 46
10 57
11 21
11 37
11 44
11 46
12 36
12 39
12 51
12 59
13 34
13 57
14 47
14 49
14 53
14 63
15 21
15 27
15 43
15 46
15 48
15 56
16 37
16 46
17 23
17 33
17 41
17 55
17 58
18 30
18 35
18 50
18 55
18 58
19 24
19 46
19 61
20 25
20 42
20 45
21 46
21 48
22 28
22 36
22 42
22 53
22 59
23 26
23 41
23 50
23 55
24 43
24 46
24 61
24 62
25 29
25 31
25 45
26 27
26 41
26 50
26 56
27 32
27 48
27 50
27 56
28 42
28 45
28 49
28 53
29 31
29 51
30 33
30 35
30 58
31 34
31 40
31 45
32 44
32 48
32 50
33 35
33 38
33 58
34 57
35 38
35 39
35 50
35 51
36 59
37 44
37 46
38 39
38 52
39 51
39 52
39 59
40 45
40 61
41 56
41 60
42 45
43 46
43 56
43 62
45 49
47 53
47 54
49 53
49 61
49 63
50 55
52 54
52 59
53 54
53 59
54 59
55 58
56 60
56 62
60 62
60 63
61 62
61 63
62 63
