64 176
0 15
0 21
0 27
0 40
0 47
1 6
1 16
1 32
1 38
1 48
1 63
2 3
2 8
2 21
2 23
2 49
2 63
3 16
3 49
3 52
4 9
4 20
4 34
4 42
4 51
4 57
4 62
5 25
5 28
5 32
5 38
5 45
5 58
5 60
6 25
6 30
6 32
6 37
6 55
6 63
7 10
7 11
7 29
7 33
7 36
8 18
8 21
8 23
8 27
8 41
8 53
8 54
9 20
9 45
9 62
10 11
10 17
10 33
10 44
10 61
11 12
11 36
11 56
11 61
12 19
12 42
12 50
12 56
12 61
13 30
13 31
13 37
13 39
13 41
13 53
13 55
14 20
14 22
14 59
15 24
15 26
15 40
15 47
15 50
16 22
16 48
16 52
16 63
17 24
17 26
17 44
17 50
17 61
18 26
18 40
18 44
18 53
18 54
19 42
19 50
20 45
20 59
20 60
21 27
21 47
22 48
22 59
23 37
23 39
23 41
23 63
24 26
24 50
25 32
25 35
25 43
25 55
25 58
26 40
26 44
27 40
27 54
28 45
28 46
28 51
28 58
28 62
29 33
29 34
29 35
29 36
29 43
29 57
30 37
30 55
31 44
31 53
31 55
32 38
33 35
33 44
33 55
34 43
34 46
34 51
34 57
35 43
35 55
36 56
36 57
37 39
37 63
38 48
38 59
38 60
39 41
40 54
41 53
42 56
42 57
43 46
43 58
44 53
44 55
45 60
45 62
46 51
46 58
48 59
49 52
49 63
50 61
51 62
52 63
56 57
59 60
