64 179
0 4
0 26
0 59
0 63
1 8
1 13
1 22
1 32
1 37
1 46
1 49
1 52
2 13
2 19
2 21
2 32
2 47
2 61
3 21
3 25
3 34
3 47
3 60
4 20
4 33
4 41
4 51
4 63
5 6
5 22
5 40
5 46
5 52
6 22
6 38
6 40
6 43
6 48
6 55
7 11
7 26
7 39
7 55
7 59
8 9
8 14
8 37
8 49
8 54
9 10
9 14
9 37
9 58
10 11
10 14
10 57
10 58
11 39
11 48
11 55
11 57
12 17
12 18
12 20
12 27
12 45
13 19
13 24
13 29
13 32
13 46
13 61
14 28
14 42
14 54
15 17
15 25
15 35
16 18
16 41
16 44
16 45
16 50
17 20
17 25
17 27
17 28
17 35
18 20
18 44
18 45
19 61
20 41
20 44
21 27
21 34
21 47
21 61
22 37
22 43
22 52
23 24
23 27
23 29
23 31
23 45
23 50
23 61
24 29
24 61
25 27
25 34
25 35
25 56
25 60
26 39
26 59
27 34
27 45
27 61
28 35
28 36
28 42
29 31
29 46
29 51
30 32
30 49
30 53
30 54
30 62
31 33
31 41
31 50
31 51
32 47
32 49
32 62
33 41
33 51
35 36
35 56
36 42
36 53
36 56
37 43
37 57
37 58
38 40
38 46
38 51
38 55
38 59
38 63
40 46
41 44
41 50
42 53
42 54
43 48
43 57
45 50
46 51
46 52
47 60
47 62
48 55
48 57
49 54
51 63
53 54
53 56
53 60
53 62
55 59
56 60
57 58
59 63
60 62
