64 178
0 18
0 26
0 31
0 34
0 45
1 8
1 16
1 37
1 51
1 61
2 30
2 38
2 44
3 4
3 14
3 26
3 31
3 39
3 50
3 52
3 53
3 61
4 28
4 30
4 39
4 44
4 50
5 20
5 41
5 42
5 62
5 63
6 9
6 11
6 20
6 22
6 46
7 9
7 17
7 25
7 55
7 58
8 10
8 20
8 37
8 51
8 63
9 11
9 13
9 22
9 25
9 46
10 33
10 36
10 48
10 51
10 63
11 46
12 34
12 40
12 45
13 21
13 42
13 46
13 49
13 62
14 50
14 51
14 61
15 19
15 23
15 24
15 36
15 47
15 56
16 17
16 22
16 25
16 27
16 37
16 55
16 57
16 61
17 32
17 55
17 57
17 58
18 31
18 35
18 44
18 45
18 58
19 36
19 47
19 50
19 60
20 22
20 37
20 46
20 62
20 63
21 23
21 24
21 42
21 49
22 25
22 37
23 24
23 33
23 36
23 42
24 49
24 56
25 55
26 31
26 34
26 43
26 53
27 43
27 52
27 57
27 61
28 30
28 38
28 50
28 59
29 47
29 50
29 56
29 59
29 60
30 38
30 44
31 39
31 44
32 35
32 54
32 57
32 58
33 36
33 41
33 42
33 48
34 40
34 43
34 45
35 40
35 43
35 45
35 54
35 58
36 50
36 51
38 59
39 44
40 43
40 45
41 42
41 48
41 63
42 62
43 52
43 53
43 54
43 57
46 62
47 56
47 60
48 63
49 56
50 51
50 59
50 60
51 61
52 53
52 61
54 57
56 59
