123 563
0 1
0 9
0 11
0 17
0 18
0 19
0 23
0 28
0 30
0 31
1 5
1 8
1 12
1 19
1 30
2 9
2 12
2 15
2 16
2 18
2 25
2 26
2 27
2 30
3 12
3 15
3 16
3 17
3 18
3 19
3 21
3 22
3 29
3 31
4 5
4 6
4 12
4 14
4 17
4 18
4 23
4 24
4 25
4 26
4 57
5 9
5 11
5 15
5 17
5 21
5 24
5 25
5 28
5 31
5 100
6 9
6 13
6 18
6 19
6 21
6 22
6 23
6 24
6 26
6 29
7 8
7 13
7 16
7 20
7 24
7 25
7 28
7 30
8 10
8 11
8 15
8 20
8 22
8 24
8 25
8 27
8 62
8 63
9 11
9 12
9 18
9 20
9 21
9 25
9 27
9 30
10 12
10 16
10 17
10 18
10 19
10 20
10 23
10 24
10 25
10 27
10 29
10 31
11 17
11 19
11 25
11 29
12 18
12 20
12 21
12 22
12 23
12 27
13 24
13 30
13 39
13 74
14 18
14 22
14 25
14 26
15 21
15 29
16 18
16 19
16 25
16 28
16 30
16 87
16 102
17 21
17 24
17 26
17 84
18 20
18 23
18 25
18 28
18 29
18 31
19 21
19 28
19 38
20 21
21 23
21 27
21 28
21 29
21 40
23 49
23 51
24 25
24 28
24 29
25 27
25 28
25 29
25 31
25 55
25 57
26 28
26 31
27 29
27 31
30 83
32 45
32 48
32 52
32 53
32 56
32 58
32 74
33 35
33 37
33 39
33 40
33 42
33 50
33 55
33 56
33 57
33 60
33 61
34 36
34 38
34 42
34 44
34 53
34 58
34 60
35 43
35 48
35 49
35 59
35 61
36 37
36 43
36 49
36 51
36 53
36 60
37 38
37 42
37 46
37 52
37 55
37 56
37 61
38 42
38 43
38 46
38 47
38 56
38 58
39 42
39 45
39 48
39 52
39 57
40 42
40 43
40 44
40 45
40 46
40 47
40 54
40 56
40 60
40 116
41 42
41 45
41 48
41 57
41 58
41 113
42 45
42 46
42 59
43 48
43 49
43 51
43 56
43 57
43 59
43 60
44 46
44 47
44 48
44 52
44 60
44 61
45 50
45 51
45 52
45 55
45 56
45 60
46 49
46 50
46 54
46 56
46 59
47 48
47 52
47 61
48 50
48 52
48 59
49 55
49 58
49 59
49 61
50 51
50 56
50 58
50 60
51 52
51 57
51 59
51 61
51 66
52 54
52 58
52 59
52 60
52 105
53 56
53 59
53 61
54 56
54 58
55 57
55 60
56 57
56 59
56 97
57 59
58 59
58 65
59 61
59 112
62 66
62 71
62 72
62 81
62 84
62 85
62 86
63 65
63 66
63 68
63 70
63 76
63 80
63 86
63 90
63 92
64 70
64 82
64 87
64 90
65 66
65 72
65 77
65 91
65 93
66 68
66 70
66 72
66 73
66 75
66 76
66 78
66 84
66 86
66 89
66 106
67 69
67 70
67 71
67 72
67 73
67 74
67 77
67 80
67 91
67 93
68 69
68 71
68 79
68 83
68 85
68 87
68 89
68 90
68 96
69 71
69 73
69 82
69 84
69 86
69 89
69 93
70 71
70 80
70 89
70 93
71 72
71 76
71 86
71 89
72 74
72 76
72 81
72 82
72 83
72 84
72 86
72 88
72 90
72 93
73 75
73 76
73 81
73 86
74 80
74 82
74 86
75 77
75 78
75 79
75 80
75 81
75 82
75 84
76 79
76 81
76 82
76 87
76 88
76 92
77 85
77 86
77 87
77 90
77 92
77 93
78 79
78 80
78 93
79 81
79 82
79 89
79 90
80 81
80 83
80 84
80 86
80 87
80 88
80 93
81 83
81 87
81 88
81 89
81 92
82 86
82 87
82 90
83 86
83 87
83 88
83 89
83 92
83 112
84 89
85 88
85 89
86 90
88 89
88 91
89 90
89 94
90 92
90 93
91 93
93 109
94 96
94 97
94 98
94 101
94 102
94 109
94 117
95 104
95 108
95 109
95 115
95 117
96 101
96 103
96 110
96 115
96 117
97 98
97 102
97 103
97 105
97 107
97 111
97 113
97 116
97 120
98 105
98 106
98 107
98 108
98 109
98 111
98 120
98 121
99 100
99 101
99 110
99 112
99 117
99 119
100 104
100 110
100 111
100 113
100 115
101 103
101 106
101 107
101 110
101 114
101 116
101 117
101 118
101 122
102 103
102 104
102 118
103 109
103 110
103 113
103 115
103 116
103 117
103 121
104 107
104 111
104 113
104 114
104 116
104 118
104 122
105 108
105 119
105 120
106 107
106 108
107 110
107 117
107 122
108 110
108 118
108 119
108 120
108 121
108 122
109 113
109 114
109 115
109 121
110 111
110 114
110 115
110 118
110 121
111 112
111 113
111 119
113 119
113 121
114 115
114 119
115 117
115 119
115 120
115 121
115 122
116 117
116 118
116 119
116 121
116 122
117 120
117 122
119 120
119 121
119 122
