64 176
0 14
0 27
0 48
1 15
1 16
1 25
1 32
1 40
1 52
2 17
2 34
2 38
2 44
3 8
3 28
3 29
3 36
3 37
4 7
4 10
4 62
5 17
5 28
5 38
5 42
5 44
5 45
5 59
6 19
6 21
6 26
6 30
6 54
7 10
7 33
7 40
7 41
7 62
8 36
8 37
8 39
9 20
9 22
9 42
9 45
9 57
10 24
10 35
10 40
10 60
10 62
11 12
11 14
11 44
11 45
11 48
11 63
12 44
12 45
13 31
13 33
13 41
14 27
14 48
14 63
15 16
15 18
15 31
15 40
15 43
16 25
16 43
16 53
16 56
17 28
17 34
17 38
17 50
17 51
18 31
18 33
18 40
19 21
19 54
19 58
20 22
20 47
20 57
21 30
21 46
21 55
21 58
22 42
22 47
22 59
23 29
23 36
23 47
23 59
24 34
24 39
24 40
24 51
24 60
25 52
25 53
25 55
26 27
26 30
26 49
26 54
26 61
26 63
27 48
27 49
27 63
28 29
28 37
28 50
28 59
29 36
29 59
30 44
30 46
30 63
31 33
31 43
32 34
32 40
32 44
32 46
32 52
33 40
33 41
34 40
34 44
34 51
35 39
35 41
35 60
35 62
37 39
37 50
38 44
39 50
39 51
39 60
41 62
42 45
42 59
43 54
43 56
44 45
44 46
44 63
45 48
45 57
46 52
46 55
47 57
47 59
47 61
48 49
48 57
49 57
49 61
50 51
52 55
53 55
53 56
54 56
54 58
55 56
55 58
56 58
57 61
