64 381
0 4
0 9
0 24
0 31
0 33
0 38
0 47
0 49
0 51
0 53
0 56
0 58
0 63
1 13
1 14
1 23
1 26
1 32
1 34
1 37
1 44
1 48
1 57
1 60
2 4
2 8
2 12
2 22
2 31
2 38
2 41
2 46
2 47
2 49
2 52
2 56
2 58
3 9
3 20
3 31
3 38
3 42
3 47
3 49
3 52
3 58
4 8
4 27
4 28
4 39
4 41
4 42
4 46
4 53
4 56
4 63
5 13
5 14
5 26
5 32
5 34
5 48
5 55
5 59
6 9
6 12
6 21
6 24
6 31
6 33
6 38
6 42
6 49
6 54
6 56
6 63
7 23
7 26
7 30
7 32
7 34
7 44
7 48
7 50
7 55
7 57
8 22
8 27
8 28
8 38
8 39
8 40
8 42
8 46
9 24
9 41
9 43
9 46
9 49
9 51
9 56
9 63
10 15
10 16
10 17
10 26
10 32
10 34
10 37
10 55
10 57
10 61
11 13
11 14
11 17
11 45
11 50
11 55
11 59
11 61
11 62
12 19
12 21
12 24
12 28
12 31
12 33
12 39
12 43
12 53
13 16
13 26
13 30
13 44
13 45
14 17
14 26
14 44
14 57
14 59
14 60
15 18
15 23
15 34
15 35
15 45
15 57
15 59
16 18
16 23
16 29
16 30
16 34
16 37
16 44
16 50
16 57
16 61
17 18
17 29
17 30
17 32
17 36
17 44
17 48
17 57
17 60
17 62
18 26
18 32
18 35
18 37
18 44
18 48
18 59
18 61
19 20
19 24
19 25
19 27
19 28
19 33
19 39
19 46
19 47
19 54
19 56
20 25
20 28
20 49
20 51
20 53
20 54
20 56
20 58
20 63
21 22
21 24
21 25
21 27
21 40
21 41
21 52
21 54
21 56
21 58
21 63
22 25
22 28
22 31
22 33
22 42
22 52
22 53
22 54
22 58
23 30
23 32
23 34
23 35
23 45
23 48
23 55
23 60
23 61
23 62
24 25
24 27
24 28
24 38
24 40
24 42
24 46
24 47
24 52
24 58
25 28
25 39
25 41
25 42
25 47
25 51
25 52
25 54
25 56
25 58
25 63
26 34
26 36
26 45
26 57
26 61
27 38
27 40
27 42
27 43
27 46
27 47
27 51
27 53
27 63
28 33
28 39
28 42
28 46
28 47
28 49
28 53
29 34
29 35
29 59
29 62
30 32
30 34
30 35
30 36
30 45
30 48
30 60
30 61
30 62
31 33
31 39
31 42
31 52
32 35
32 37
32 60
32 61
32 62
33 38
33 39
33 40
33 42
33 43
33 49
33 52
33 58
34 35
34 37
34 44
34 57
34 60
35 36
35 59
35 60
35 61
35 62
36 44
36 55
36 57
36 59
36 60
36 61
36 62
37 44
37 45
37 48
37 57
38 40
38 41
38 43
38 46
38 49
38 54
38 58
39 51
39 63
40 42
40 43
40 56
40 58
41 42
41 43
41 46
41 47
41 52
42 49
42 51
42 54
42 56
42 63
43 46
43 47
43 53
43 58
44 59
44 60
44 61
45 61
46 49
46 56
47 49
47 51
47 52
47 53
47 54
48 55
48 59
48 60
48 61
49 53
50 57
50 60
50 62
51 53
51 56
51 58
51 63
52 53
52 58
53 54
53 58
54 56
55 59
55 60
55 62
57 59
57 62
60 61
61 62
