64 176
0 25
0 36
0 54
0 63
1 4
1 21
1 24
1 34
1 48
1 58
2 14
2 16
2 17
2 25
2 35
2 45
3 5
3 6
3 8
3 23
3 30
3 51
3 55
3 60
4 21
4 29
4 34
4 46
5 6
5 22
5 27
5 31
5 53
5 55
6 27
6 50
6 51
6 61
7 28
7 38
7 59
7 60
8 12
8 23
8 26
8 32
8 55
9 11
9 21
9 49
9 51
9 58
9 61
10 17
10 27
10 39
10 44
10 53
11 21
11 29
11 46
11 51
12 26
12 32
12 33
12 56
12 62
13 18
13 20
13 40
14 17
14 35
14 40
14 44
14 52
15 35
15 41
15 42
15 43
16 35
16 37
16 42
16 43
16 45
17 25
17 27
17 44
17 50
18 20
18 40
18 52
18 56
19 36
19 47
19 48
19 54
19 63
20 28
20 56
20 62
21 46
21 58
22 26
22 31
22 33
22 39
22 53
22 55
23 30
23 32
24 36
24 48
24 58
25 36
25 45
25 49
25 50
25 54
26 33
26 55
27 50
27 53
28 32
28 38
28 57
28 59
28 62
29 34
29 46
29 51
29 59
30 32
30 57
30 60
31 53
32 57
32 62
33 39
33 56
34 59
35 40
35 42
36 48
36 49
36 58
36 63
37 43
37 45
37 47
37 54
38 57
38 60
39 44
39 52
39 53
39 56
40 52
41 43
41 47
42 43
43 47
44 52
45 54
47 54
49 50
49 58
49 61
50 61
51 59
51 60
51 61
52 56
54 63
56 62
57 60
59 60
